240 189
6 113
420 225
102 221
212 265
166 84
51 154
141 71
55 58
269 180
193 166
377 23
20 49
2 96
224 47
447 137
517 84
323 107
32 146
405 96
129 218
229 184
226 258
249 188
229 183
503 29
265 245
294 151
84 45
375 167
442 87
271 278
448 166
279 190
271 132
331 224
63 215
468 159
45 0
181 8
119 97
307 231
91 25
299 181
293 147
384 40
347 46
37 27
482 64
189 26
430 124
239 85
165 215
69 154
341 188
65 158
488 15
250 28
505 25
351 44
86 196
381 301
18 210
40 22
519 265
350 13
126 20
379 127
26 126
6 266
50 174
31 254
50 216
442 9
507 254
394 130
480 291
341 281
75 283
99 133
321 157
337 15
41 47
169 151
510 212
377 176
486 275
321 73
431 290
204 199
218 155
327 190
407 10
424 147
273 156
459 227
295 202
171 48
183 106
412 302
