508 94
232 130
348 50
314 226
248 208
39 121
447 140
162 301
65 127
42 115
3 225
75 148
179 305
478 174
264 268
369 166
207 232
364 257
21 253
177 20
387 296
484 38
414 16
302 40
392 114
149 173
119 294
443 112
344 210
452 166
459 74
375 220
15 245
324 43
89 114
52 22
332 73
456 226
385 175
1 24
341 159
435 64
262 97
326 139
99 59
376 79
308 22
151 63
31 244
198 187
332 192
420 58
440 159
359 38
402 202
204 111
446 146
46 111
233 293
499 231
126 217
126 192
457 112
367 183
90 297
121 3
287 282
302 87
251 209
3 89
449 62
422 75
450 69
18 190
85 94
411 264
114 80
273 84
305 299
107 156
39 262
449 277
325 110
233 91
209 67
438 10
286 220
252 65
164 62
292 233
348 10
354 107
189 293
160 161
420 214
212 148
363 64
334 99
221 221
207 84
423 101
469 79
381 212
21 231
314 66
401 198
181 187
247 137
291 150
241 18
283 6
357 53
465 282
213 19
111 33
442 121
224 133
299 135
438 101
455 301
48 193
510 266
262 24
235 130
78 207
382 222
254 70
280 294
423 215
359 66
213 64
469 66
276 284
226 91
41 243
17 92
382 98
441 153
410 60
196 108
21 285
222 200
30 49
178 303
463 172
40 84
460 12
159 172
72 61
176 63
322 50
128 93
134 224
444 77
223 278
259 261
32 36
54 122
393 16
51 148
325 226
344 209
408 216
210 234
480 97
373 140
275 25
192 259
284 75
277 206
55 222
53 230
314 112
479 117
193 236
403 203
387 261
277 54
23 223
276 284
442 298
383 94
472 138
337 223
212 233
411 305
448 39
264 97
237 246
124 211
240 91
407 37
406 275
369 67
185 288
214 287
486 220
382 291
443 190
509 26
499 49
77 151
8 79
36 92
345 280
20 203
147 290
392 133
368 231
430 126
278 119
451 17
361 264
257 216
23 222
273 207
160 69
272 59
93 203
131 87
250 252
394 264
330 298
432 204
233 236
413 288
518 279
194 119
167 163
64 235
358 268
393 128
210 244
423 45
134 58
338 214
520 256
258 11
401 276
142 218
378 53
65 195
284 48
125 60
91 203
107 71
398 180
264 244
44 207
418 197
214 88
167 181
465 103
265 209
144 17
506 95
273 283
325 225
16 220
41 167
100 27
276 273
505 241
153 217
120 69
65 103
216 293
26 64
143 32
400 294
281 183
432 199
214 156
265 195
73 104
377 11
489 217
159 294
306 76
271 213
520 70
324 245
376 119
263 219
260 246
490 210
178 266
400 157
254 142
184 3
241 65
462 175
202 93
304 196
41 13
401 41
277 94
177 279
517 63
45 157
118 134
381 183
201 67
452 151
320 98
425 26
170 146
88 23
200 207
335 277
406 93
370 108
400 227
428 50
160 57
495 46
40 151
248 184
479 274
31 151
388 123
207 132
38 259
297 4
409 209
515 62
290 48
220 263
26 26
242 93
361 201
446 82
94 41
47 277
348 106
103 215
459 148
452 146
337 305
279 46
221 281
226 191
473 12
210 7
212 134
436 183
3 169
311 38
438 172
162 208
95 128
60 142
513 46
485 244
434 293
33 253
288 116
390 114
349 101
344 192
200 177
13 213
105 34
120 260
32 258
289 54
156 162
86 21
70 232
319 25
297 27
161 63
196 267
474 204
463 96
282 125
226 129
44 204
176 235
127 192
481 260
204 205
238 267
144 297
444 110
104 279
227 137
142 120
252 36
381 138
22 231
19 14
380 9
146 262
29 10
448 205
60 274
497 93
137 246
96 242
187 168
328 251
460 14
415 90
407 92
44 49
71 263
323 223
497 85
165 5
491 41
182 291
496 117
501 271
344 293
24 31
280 143
359 83
41 217
124 109
194 60
258 183
140 127
302 116
126 61
86 53
137 168
160 225
113 286
228 139
124 235
106 208
522 75
322 34
91 265
219 250
115 160
151 208
99 289
54 153
141 151
327 2
112 157
36 241
134 118
420 142
146 233
361 185
88 163
256 106
113 165
250 47
381 123
353 51
267 192
173 147
276 267
107 7
212 166
504 35
174 242
87 146
300 60
249 193
414 33
193 274
498 56
448 147
423 213
410 212
143 118
218 171
473 206
431 158
153 63
455 46
432 52
333 167
265 283
318 41
458 240
146 176
459 151
122 216
505 278
328 71
306 104
302 185
175 296
488 194
467 59
505 281
447 30
498 153
414 67
178 130
473 49
436 184
98 132
310 244
