90 40
275 298
415 131
501 211
373 267
214 153
45 70
130 281
359 96
242 58
521 250
268 102
322 101
237 172
460 109
152 197
284 288
402 105
331 55
1 231
446 101
175 133
433 138
140 130
427 300
49 247
504 263
143 120
475 143
262 137
321 260
238 231
189 15
290 230
214 95
427 202
208 157
58 192
286 258
160 64
49 220
409 167
8 147
481 211
481 265
112 192
181 66
236 105
362 95
363 13
155 66
100 263
90 284
127 119
2 50
201 102
502 32
269 301
203 32
269 228
84 172
199 270
417 2
215 259
485 126
520 35
43 238
434 105
271 10
324 191
12 43
510 99
504 203
416 223
348 205
520 102
186 174
62 18
61 68
49 38
250 190
382 61
264 220
106 220
426 198
277 181
206 55
320 10
331 190
38 97
479 70
47 227
406 244
325 137
351 59
330 100
509 29
382 97
171 240
25 113
364 57
166 72
406 36
442 109
127 214
173 172
402 179
12 165
371 151
367 261
93 153
495 298
360 153
513 29
180 189
307 156
308 113
139 190
50 34
139 26
25 25
180 237
434 29
95 211
2 74
418 32
300 64
345 203
57 76
380 169
366 270
138 182
302 222
185 292
45 0
119 100
215 93
385 53
462 84
222 55
168 265
11 106
197 34
144 67
279 125
29 144
71 97
271 41
479 89
205 153
428 227
333 189
50 169
218 299
361 12
169 130
514 51
300 201
81 176
430 201
275 207
289 190
417 280
74 127
128 281
347 171
247 185
383 53
480 302
27 149
74 90
508 237
262 163
382 160
165 51
366 267
194 285
390 33
178 249
224 123
347 217
112 240
182 213
441 223
130 193
438 285
219 0
176 107
177 284
177 159
56 241
242 154
21 15
498 128
221 2
0 7
176 172
440 159
344 228
453 213
409 80
240 68
283 224
44 66
18 262
165 152
209 67
161 163
181 32
345 191
105 78
443 107
423 79
294 71
246 105
361 143
448 83
331 297
224 238
288 164
156 195
446 305
228 192
454 40
161 151
110 266
297 59
217 143
155 225
438 273
365 182
486 138
514 145
270 144
395 235
471 215
36 283
495 28
374 161
270 124
395 130
26 236
205 92
298 267
320 97
304 54
111 97
335 177
278 79
156 137
46 108
316 142
150 165
165 230
475 50
481 37
508 176
20 284
107 43
413 111
339 4
272 95
453 44
121 40
516 171
474 264
442 168
480 8
355 243
512 38
290 139
461 146
167 141
104 263
334 165
105 72
154 94
505 27
181 151
497 46
312 42
178 240
13 258
3 68
362 119
376 249
98 58
320 272
360 144
125 83
222 177
190 29
146 235
86 261
100 271
322 61
431 215
125 163
350 72
478 256
86 140
254 67
154 244
125 14
190 125
295 43
521 243
384 53
456 143
277 105
145 188
311 264
230 229
323 73
244 146
43 152
109 232
518 148
107 172
342 14
324 196
72 23
309 217
384 205
110 177
19 166
510 252
63 108
169 30
195 58
407 244
45 42
2 262
204 73
181 232
58 193
162 176
4 51
239 296
520 302
361 53
456 157
371 118
264 279
127 284
418 32
181 106
360 41
2 1
409 127
382 151
229 260
478 100
218 86
198 19
371 114
223 179
372 109
257 185
199 283
389 280
396 68
360 160
427 85
427 207
307 197
309 35
354 163
461 190
146 145
245 125
136 276
453 199
107 244
462 144
299 246
421 102
391 223
398 112
430 54
441 132
143 74
393 2
460 199
17 238
11 148
451 239
483 221
365 298
368 263
133 7
210 259
38 39
73 248
429 199
98 272
344 250
370 60
331 220
411 38
186 85
393 67
321 165
19 237
25 93
322 61
440 22
369 196
236 218
370 15
383 190
492 250
338 179
274 187
38 153
365 99
290 73
104 276
255 212
138 210
517 274
359 293
399 66
24 80
253 227
309 61
380 171
309 140
333 109
142 4
174 290
30 107
326 143
413 146
464 292
53 185
474 181
2 151
514 133
334 175
448 101
21 258
487 37
277 183
118 29
496 284
154 194
45 218
127 140
516 70
195 190
76 35
97 61
436 21
162 43
433 189
297 252
203 263
300 109
187 109
346 245
131 24
111 252
450 260
314 68
212 231
148 97
278 135
210 299
153 130
310 244
312 196
76 281
388 275
370 32
348 169
38 222
523 221
476 214
383 178
225 117
366 158
147 178
213 19
425 88
205 188
429 198
72 235
360 261
77 117
323 59
400 80
511 8
447 25
67 114
14 116
515 225
84 140
330 212
280 188
55 78
209 12
344 157
177 181
193 73
318 149
176 211
162 62
16 217
412 271
371 256
434 67
118 101
194 180
108 252
126 295
228 178
288 124
190 133
342 146
249 291
375 28
387 39
31 283
160 26
269 12
183 79
469 84
427 303
283 114
436 286
208 30
486 272
70 34
408 58
119 139
63 106
273 63
308 181
382 298
468 53
310 223
74 29
423 152
283 138
490 297
5 158
86 72
58 0
80 182
124 181
321 98
215 135
129 5
69 41
257 188
434 243
461 55
515 258
436 70
87 180
293 230
515 173
73 11
103 0
446 167
363 299
405 235
316 157
334 95
70 22
46 108
157 230
71 29
320 159
355 201
262 148
23 259
224 36
251 34
522 64
361 69
281 305
406 24
459 191
308 58
411 108
340 30
424 25
203 150
43 225
157 135
139 102
275 203
347 281
313 147
392 76
158 292
117 26
249 92
330 31
284 197
479 301
120 281
12 86
200 168
66 273
478 234
288 6
341 30
394 148
152 38
465 171
432 208
199 53
245 181
477 188
203 2
265 187
508 79
449 229
325 261
160 182
220 110
303 59
133 242
363 239
176 291
472 275
348 164
2 94
191 33
305 292
204 40
312 249
207 157
26 91
454 129
324 287
22 274
516 213
246 178
255 262
478 92
170 5
203 48
209 40
342 289
299 173
247 61
453 302
320 83
384 134
520 145
277 56
415 69
159 276
396 227
371 14
226 265
205 43
444 57
140 207
317 97
390 271
207 133
362 128
243 271
204 193
186 250
137 254
70 152
142 288
379 148
8 74
46 186
12 76
330 106
313 248
363 292
94 38
448 54
94 147
249 196
500 153
259 150
254 218
404 165
162 144
477 64
182 106
142 152
467 269
116 214
515 148
272 167
82 152
277 109
444 96
145 253
375 227
221 180
443 271
467 272
115 249
80 27
88 259
280 8
521 223
513 185
411 19
144 298
421 151
182 176
495 76
158 156
67 201
411 185
298 92
115 105
266 274
156 42
373 122
69 152
491 30
384 73
73 84
174 231
442 298
317 234
68 10
148 37
290 151
51 95
106 244
133 173
175 255
61 219
145 23
296 245
470 268
382 224
318 6
162 213
286 92
444 202
499 28
175 57
504 290
191 275
348 14
31 11
97 111
164 40
300 6
519 35
337 103
415 35
234 267
208 89
327 135
481 284
383 270
295 192
394 48
115 254
321 211
138 223
491 303
184 84
138 83
57 198
222 139
205 236
375 300
320 209
5 169
305 265
32 160
266 168
408 214
334 191
462 43
442 37
281 133
224 157
17 272
516 59
338 92
394 64
141 225
424 107
208 30
294 207
183 207
72 183
466 85
87 157
161 294
389 176
105 226
58 245
497 173
418 301
302 187
485 246
349 240
36 142
79 44
402 223
475 2
454 15
426 187
376 20
486 57
301 119
276 215
443 165
69 103
372 49
194 57
116 73
497 8
67 71
357 81
430 79
401 76
242 77
458 124
251 167
510 291
345 190
32 37
22 104
3 30
247 152
300 172
199 208
305 5
318 122
242 281
261 23
183 35
118 44
162 119
487 270
210 180
138 7
345 96
101 63
116 60
220 31
54 141
312 233
379 261
67 138
256 206
86 152
5 236
500 279
331 116
300 49
146 100
378 215
106 3
114 173
115 94
420 174
265 110
348 2
509 38
85 49
84 218
287 293
80 82
415 185
437 253
424 76
463 172
516 17
109 14
153 254
125 156
143 90
365 87
243 232
457 203
37 217
454 242
210 39
421 129
123 31
55 62
199 303
443 207
255 10
46 277
222 251
510 217
188 302
134 232
360 56
227 10
357 190
244 8
470 140
346 270
71 22
358 100
342 237
454 45
96 83
297 170
248 213
219 146
19 201
103 279
257 263
423 41
129 4
58 51
283 18
217 253
223 212
153 4
82 104
302 57
274 43
180 14
155 232
420 121
208 284
458 34
172 282
151 232
356 16
336 144
373 134
242 236
350 48
325 304
252 217
273 100
251 194
292 154
27 42
321 96
481 38
89 28
87 280
174 227
423 39
94 243
5 129
27 255
215 177
53 58
288 81
268 45
90 99
243 105
225 34
427 105
23 256
46 212
300 264
230 41
119 99
500 70
384 169
77 251
191 210
220 200
307 51
248 68
221 237
356 261
124 228
160 4
215 180
369 253
298 51
368 27
412 204
85 180
376 83
137 265
435 233
7 19
130 168
193 92
14 255
135 159
81 217
426 59
167 194
431 270
11 131
101 101
406 175
