103 71
444 60
385 202
237 215
469 175
351 68
259 61
345 287
75 71
525 157
252 126
427 167
129 138
428 41
520 225
81 275
231 206
103 13
406 214
281 44
133 260
145 180
336 181
385 190
521 300
47 184
284 9
364 234
282 147
66 0
241 277
514 155
184 8
312 132
524 29
14 13
119 78
492 75
81 176
362 92
357 158
137 19
267 235
287 155
204 258
143 228
307 295
466 304
198 266
478 129
383 224
364 284
465 256
363 316
489 290
282 54
59 112
117 138
140 267
23 275
213 219
293 46
528 46
149 159
117 181
75 187
32 44
390 231
60 127
109 303
6 247
424 183
270 239
154 127
490 316
351 162
260 45
365 25
67 97
301 150
528 65
281 76
162 263
84 109
188 31
234 83
418 308
124 90
470 286
291 263
287 295
463 201
151 231
430 228
89 27
240 209
173 233
445 249
317 204
307 226
271 292
62 56
78 215
390 185
392 325
214 282
428 212
455 67
338 56
543 296
223 100
297 266
411 149
249 191
398 230
64 262
358 189
239 217
15 234
471 188
330 180
7 149
95 78
200 298
46 220
429 25
175 28
6 139
227 274
51 100
46 130
403 175
493 129
180 51
530 51
303 180
227 132
446 30
422 219
165 204
341 182
142 143
492 93
218 99
365 120
427 185
123 216
321 282
124 259
17 200
399 236
411 94
268 57
310 55
324 90
183 259
440 64
26 83
249 86
447 275
27 10
454 203
73 61
209 288
233 285
291 50
446 166
176 277
117 85
247 203
206 244
319 292
458 34
450 17
537 158
402 113
252 86
160 44
383 213
224 291
48 32
436 220
458 181
148 22
522 260
339 165
18 42
221 139
78 158
536 273
542 164
407 138
339 175
326 214
270 48
161 38
371 38
57 247
122 191
477 288
111 27
25 207
211 301
117 26
74 92
472 185
234 263
90 10
86 20
162 35
62 45
475 249
457 198
171 249
424 146
41 89
131 46
169 140
23 112
170 186
206 306
100 33
396 248
355 49
441 145
377 35
209 253
275 178
281 45
180 207
425 139
290 294
353 307
334 94
514 231
151 268
228 25
263 205
337 264
82 281
330 146
407 58
138 54
115 225
201 81
269 268
301 203
94 72
312 273
107 22
109 294
420 268
143 170
312 34
205 212
228 142
76 269
86 27
355 146
226 79
387 167
276 30
25 13
418 57
305 183
309 73
265 256
462 126
534 51
230 191
437 62
356 103
490 51
248 189
431 133
16 143
162 220
201 235
393 137
407 70
484 166
408 298
370 245
389 258
152 196
458 241
182 137
287 70
299 69
219 161
226 138
144 299
464 227
150 90
218 90
424 21
532 301
137 148
218 201
36 158
162 64
312 238
323 280
343 322
517 230
335 243
450 132
267 91
205 312
508 79
241 305
243 261
420 42
62 60
71 239
36 132
389 1
362 298
456 158
450 177
228 162
532 66
201 35
464 55
150 235
176 28
195 205
475 219
50 173
394 208
255 167
77 110
302 194
21 12
490 105
270 199
313 224
252 177
135 164
497 234
434 196
261 240
287 87
174 62
92 242
514 155
448 49
350 131
489 282
220 35
485 140
242 117
162 14
49 184
229 275
235 109
443 64
307 97
277 290
278 280
113 114
368 109
319 33
381 310
37 111
106 142
113 182
111 272
428 15
311 27
233 293
130 172
420 132
143 284
236 172
233 192
135 192
249 187
317 86
436 56
469 63
414 321
159 187
87 130
130 183
154 194
46 165
238 218
42 96
354 251
137 250
389 180
402 242
129 89
152 86
280 169
349 73
322 31
372 170
129 323
267 52
44 62
92 165
371 176
195 162
68 37
299 202
443 182
121 123
117 79
244 256
125 98
16 184
11 261
167 66
276 207
300 211
448 268
195 203
330 238
213 145
455 281
339 141
335 68
135 199
510 312
383 298
507 169
30 201
538 299
494 233
359 182
507 67
254 99
488 249
378 10
502 98
464 233
399 185
423 171
215 100
211 61
502 48
30 10
122 218
355 69
96 149
183 133
291 111
326 200
164 61
398 145
201 244
88 97
480 55
456 300
102 213
274 156
501 70
484 246
216 51
443 139
473 73
0 143
433 205
425 222
426 268
157 88
46 175
496 159
431 117
530 102
143 148
462 102
300 17
416 48
0 19
223 118
46 112
448 171
112 318
161 163
134 278
438 57
9 239
507 263
296 144
251 26
101 243
365 151
19 49
108 69
375 215
495 151
205 305
275 243
170 142
473 290
272 198
498 297
