253 199
84 171
374 39
55 4
294 37
245 203
205 180
211 204
41 113
424 113
227 273
413 226
79 16
254 157
359 52
333 136
241 83
471 263
473 268
54 241
459 261
334 275
175 13
431 108
204 167
351 169
218 33
257 66
443 49
424 64
467 242
281 259
267 180
257 241
408 184
180 12
48 29
197 9
211 254
464 281
304 179
265 214
328 155
271 226
377 129
304 206
288 86
423 240
510 316
236 171
537 69
343 177
135 187
299 145
277 77
410 46
147 234
236 153
284 262
303 215
512 27
115 297
128 256
179 279
266 240
417 162
244 71
264 204
93 23
246 205
322 201
304 160
535 281
71 13
443 101
103 279
346 315
201 280
261 172
383 33
294 289
327 135
418 62
265 321
206 55
296 243
309 144
138 169
206 204
254 147
330 201
288 78
221 81
376 146
111 257
263 169
392 219
120 252
355 180
288 208
29 4
212 208
225 262
295 165
430 31
536 277
222 15
40 15
218 106
312 142
155 63
218 36
199 180
264 222
297 166
314 139
202 187
320 104
246 191
304 194
84 210
80 26
6 143
411 179
15 248
286 169
436 139
417 220
328 78
424 24
347 314
360 89
260 161
276 170
384 144
227 117
325 187
262 280
286 246
194 245
534 57
385 307
304 66
179 277
99 233
131 178
377 155
420 130
105 255
252 166
491 240
408 93
418 183
194 63
213 153
532 65
297 321
430 30
429 31
475 23
209 179
450 119
409 93
214 179
98 308
483 71
252 119
266 216
518 20
460 79
351 129
157 48
526 62
48 21
202 192
301 192
450 146
456 35
7 155
488 295
329 175
413 140
419 223
205 37
317 74
291 261
279 104
302 185
469 141
64 6
206 40
531 266
523 64
517 75
182 52
255 169
499 56
236 173
243 205
329 73
397 186
198 253
407 75
341 132
195 285
108 260
287 276
221 66
226 189
444 142
500 223
442 109
241 201
229 38
372 66
316 90
509 57
331 76
450 100
507 262
144 69
513 19
407 18
254 195
120 97
497 306
305 253
502 302
395 18
245 193
514 308
395 88
182 67
513 55
509 290
85 225
421 220
213 74
454 227
172 322
386 138
427 165
328 150
218 112
337 59
271 184
197 159
321 149
196 58
144 196
411 100
468 73
80 155
308 229
205 192
311 141
401 20
421 128
246 110
178 315
281 169
295 188
491 222
368 237
280 289
278 121
139 191
280 90
467 279
498 288
283 263
502 34
218 195
317 321
301 170
303 96
73 179
296 36
535 265
475 266
486 27
500 286
89 204
255 207
156 196
105 282
223 202
201 171
437 101
521 291
436 32
127 71
200 274
449 112
453 294
216 262
523 68
417 27
457 228
520 42
228 21
326 206
474 259
42 30
271 143
305 46
268 138
515 63
452 28
42 62
207 252
248 255
517 302
271 64
292 39
205 67
309 203
374 96
262 242
215 53
415 210
214 99
332 210
393 80
442 22
311 115
351 166
502 76
341 312
54 24
305 323
424 159
277 105
216 165
309 195
32 129
148 190
326 200
217 150
98 174
114 285
106 175
444 136
166 318
105 231
286 83
215 198
313 103
401 49
458 259
260 318
315 65
65 240
497 78
297 260
345 317
56 105
319 108
517 54
274 120
38 29
34 106
59 33
274 117
139 42
238 182
132 64
416 24
286 67
251 239
508 298
248 178
353 160
238 187
114 295
295 52
195 35
533 77
293 284
75 216
295 61
429 118
257 279
212 191
232 138
445 294
423 81
244 207
155 189
386 186
200 13
282 82
293 285
121 175
436 205
486 230
300 250
269 99
319 120
430 40
461 99
108 43
322 118
463 251
463 281
299 182
319 288
426 140
280 280
459 100
263 170
433 35
295 308
459 257
215 5
267 189
217 196
366 133
98 239
69 19
96 31
100 23
270 199
346 103
447 281
430 223
51 113
417 185
307 237
210 182
368 152
291 249
352 169
457 225
221 28
537 67
367 164
253 162
329 70
472 265
301 139
105 149
107 311
45 31
422 126
378 320
279 100
198 176
467 139
497 18
271 68
261 233
345 90
329 157
319 265
239 314
387 171
459 36
211 268
266 108
213 122
311 237
222 196
223 34
493 47
412 174
481 55
203 51
239 208
49 241
319 159
419 168
260 324
445 103
218 148
427 27
105 46
410 210
365 217
350 55
135 118
353 166
225 69
467 98
521 40
146 72
386 59
251 172
261 194
293 269
218 207
292 263
372 140
218 47
351 114
473 245
414 218
349 48
223 200
365 165
249 68
39 253
159 323
260 170
212 99
416 34
196 44
393 68
221 182
400 88
191 266
438 32
283 87
491 55
537 188
436 140
77 15
384 314
470 109
323 138
442 111
139 58
460 25
446 273
251 165
281 237
217 22
213 42
480 72
296 157
411 156
54 24
195 66
337 191
220 161
255 260
196 49
375 168
433 120
295 256
269 220
254 318
405 21
241 202
137 175
17 238
308 192
295 255
92 180
124 108
351 170
168 184
432 27
452 292
176 67
206 258
278 188
232 187
121 80
224 200
246 119
112 294
497 70
315 182
214 187
264 314
328 91
249 174
330 144
420 172
213 258
449 151
454 273
323 229
77 27
220 185
144 169
227 34
233 150
298 234
466 95
390 322
128 117
407 73
270 85
508 313
223 277
453 36
218 23
445 26
147 36
115 37
155 49
427 27
261 216
377 173
321 97
284 81
227 270
443 206
278 254
339 320
446 118
354 178
279 137
474 269
298 90
241 82
443 284
199 161
265 238
421 238
51 33
220 38
338 177
218 263
239 88
339 63
463 299
325 108
211 278
400 169
480 67
238 209
416 224
190 276
523 84
347 57
216 253
385 30
288 254
445 110
154 188
243 195
424 78
298 138
68 132
254 318
384 144
281 261
314 232
421 237
420 238
257 197
77 24
438 218
411 66
473 247
265 312
439 114
357 136
470 296
529 235
398 74
210 40
525 24
227 117
400 175
491 227
280 101
190 251
542 70
422 114
188 48
131 71
261 159
21 12
463 276
535 276
244 167
150 181
194 179
133 173
444 257
299 209
1 321
297 234
301 158
178 57
330 70
281 63
263 174
366 160
204 25
460 282
202 62
485 69
42 32
50 241
214 104
61 231
132 178
464 226
251 126
157 61
210 16
378 38
430 37
280 247
406 313
237 170
490 18
6 32
414 213
60 20
360 64
132 288
375 223
441 126
119 97
320 312
358 162
123 92
355 222
224 205
531 278
437 257
450 304
65 242
248 135
306 146
214 117
250 145
488 56
222 267
247 321
473 76
41 56
315 251
0 162
113 98
124 292
261 250
507 30
29 131
207 35
358 167
353 222
391 34
337 186
431 178
138 172
201 53
208 205
399 69
372 172
327 61
300 148
507 261
285 128
452 292
438 38
140 63
363 130
361 31
470 283
517 74
122 73
342 62
466 284
40 106
171 11
537 71
272 197
398 78
419 81
286 79
290 210
326 96
469 298
421 139
222 265
352 220
353 218
363 237
489 280
98 145
266 66
286 247
433 215
278 175
318 205
136 109
239 176
254 282
220 214
512 297
227 150
194 187
501 308
32 106
454 273
195 271
425 256
449 109
486 315
197 159
429 36
53 8
422 61
201 11
146 51
215 47
313 150
255 219
237 214
191 19
218 14
216 43
455 308
415 168
385 307
124 108
403 22
404 110
390 190
69 174
417 177
225 36
95 144
185 14
316 207
146 66
112 27
306 203
476 54
404 80
231 38
118 173
223 38
370 166
508 78
395 89
533 304
212 84
258 254
287 81
351 133
276 251
442 141
40 101
282 255
217 17
451 221
456 226
347 110
75 165
538 76
194 179
370 148
295 168
280 93
301 236
249 160
381 152
300 213
209 66
136 197
314 105
415 80
506 222
345 139
493 27
422 123
492 223
466 211
133 182
422 116
495 39
32 134
256 322
412 89
400 176
203 52
399 68
204 177
284 136
332 58
391 70
306 154
316 230
382 35
217 33
181 259
506 311
411 70
327 325
350 114
438 151
382 34
289 189
217 48
303 185
135 108
313 231
385 317
455 299
440 209
35 97
496 34
199 187
281 96
337 178
39 31
390 92
43 103
450 232
250 265
98 34
363 51
22 3
247 262
524 66
410 176
155 60
303 60
534 60
419 267
323 96
212 57
255 74
470 280
92 144
439 98
52 101
29 252
468 272
24 41
389 85
104 45
506 307
264 208
238 87
447 280
194 45
262 260
125 96
267 167
224 24
348 313
441 46
400 175
420 204
361 136
446 290
238 156
475 246
93 25
377 231
452 225
458 223
194 54
295 161
381 324
417 235
262 247
431 126
93 180
432 30
442 138
180 13
197 267
112 244
67 196
431 163
202 15
224 201
436 139
459 211
454 292
505 306
388 187
283 79
79 154
247 117
200 168
295 163
413 37
483 31
102 249
499 74
506 238
36 116
215 107
259 143
342 57
187 23
323 267
417 72
208 161
366 50
208 250
1 136
190 40
130 75
387 25
140 63
194 268
210 255
239 196
