500 213
441 101
108 202
188 169
91 230
179 73
381 152
288 159
394 320
370 227
538 167
269 267
291 152
488 172
57 138
213 138
109 13
102 121
344 40
305 208
217 253
271 184
466 270
247 99
83 28
464 264
368 223
376 96
125 48
65 49
135 33
251 58
268 217
408 42
222 19
363 136
453 256
326 217
469 308
478 43
395 220
304 258
153 214
170 236
459 288
192 47
110 45
414 28
151 0
69 201
216 257
345 101
98 235
153 72
336 90
258 138
518 86
171 74
331 214
500 214
163 69
277 199
253 320
490 37
371 315
427 149
345 309
254 174
185 31
451 136
210 91
301 322
506 251
195 275
221 101
151 245
441 52
356 178
450 130
214 182
419 159
273 138
254 270
436 179
119 310
426 248
394 64
133 304
298 188
539 85
66 218
449 61
54 259
478 269
217 121
424 68
420 28
128 40
392 310
25 27
363 325
424 125
439 117
92 52
288 213
408 51
98 51
518 66
113 119
499 228
247 190
156 90
227 60
219 70
247 195
162 17
168 36
83 61
134 108
288 279
465 80
280 164
31 51
329 222
447 29
398 51
464 235
268 293
388 219
462 38
326 236
420 122
256 126
225 309
246 220
305 52
336 58
486 101
386 172
422 194
43 64
515 273
79 60
86 141
467 24
319 163
328 236
313 135
9 146
44 13
141 85
227 324
250 158
18 14
494 76
241 210
305 172
24 164
105 156
318 212
376 158
270 90
27 114
444 141
437 30
490 59
202 83
174 244
102 211
170 212
449 23
219 124
468 285
22 200
234 209
126 153
446 220
113 113
111 263
141 202
54 160
510 271
10 210
501 31
424 210
191 281
367 170
422 50
42 3
180 308
225 323
196 154
300 256
103 27
513 283
525 266
420 325
383 245
114 273
381 23
166 252
279 224
404 79
518 44
300 172
278 313
46 38
148 192
287 73
99 82
217 146
442 197
446 252
377 320
104 14
129 290
59 185
288 318
101 26
316 204
344 42
88 136
427 205
179 232
214 42
16 234
128 4
336 319
58 167
329 218
43 67
432 232
100 167
129 55
306 233
120 319
248 302
204 199
35 50
449 290
526 38
23 260
370 174
428 140
259 274
352 113
126 273
119 188
542 252
239 113
500 51
222 307
82 10
527 38
314 119
476 28
249 154
150 254
304 192
527 161
342 308
285 182
156 89
458 285
377 151
133 187
422 184
358 137
384 211
462 147
154 148
461 19
69 165
481 69
290 73
230 69
508 166
297 174
487 41
165 23
81 19
108 112
502 72
60 221
419 71
59 134
309 190
368 19
35 137
194 161
137 51
297 252
377 82
318 127
321 153
322 251
479 283
398 241
444 29
479 250
535 157
516 61
165 323
389 36
277 200
269 156
448 115
228 110
78 62
100 219
394 241
109 48
35 4
195 179
322 18
230 105
230 98
243 94
12 146
219 193
297 131
489 139
76 33
421 214
450 197
65 253
151 263
474 64
44 246
494 218
346 162
383 145
276 235
292 242
296 102
377 112
328 96
126 163
511 257
541 291
110 76
10 28
360 36
534 256
386 144
297 44
174 196
405 317
111 46
332 220
415 46
200 185
140 69
33 25
208 167
398 322
28 248
150 35
43 20
408 68
280 123
358 102
395 149
525 87
248 124
385 17
469 111
117 158
336 125
488 36
463 280
501 303
278 203
289 283
119 97
119 149
33 269
401 228
353 53
470 289
501 274
454 50
191 265
265 321
516 288
43 143
487 113
128 57
251 165
76 67
157 67
298 287
359 84
310 47
19 234
161 216
285 46
120 179
443 206
333 145
266 203
477 82
390 196
366 28
374 157
477 233
319 139
264 166
242 115
92 219
398 82
179 58
158 39
149 38
421 209
165 315
367 135
200 204
357 94
145 163
237 35
101 172
278 204
27 255
347 129
430 152
278 148
196 201
286 50
40 1
67 132
418 237
138 267
180 19
0 32
29 48
195 268
84 159
86 154
489 149
185 266
92 39
314 26
164 72
441 47
138 84
427 157
286 135
275 60
531 321
228 265
351 193
62 2
371 25
48 240
229 82
334 83
494 235
67 125
271 117
12 237
390 197
79 32
120 225
443 116
255 197
139 250
113 152
311 227
453 126
192 1
295 259
540 261
224 45
37 85
74 169
341 169
305 209
401 130
264 90
374 220
315 200
188 285
530 306
217 47
244 225
344 132
353 138
361 223
301 45
301 99
320 229
240 9
346 126
333 171
249 291
290 94
30 265
397 246
168 45
474 277
263 54
154 85
69 124
506 71
431 138
85 143
423 237
531 52
411 68
327 163
185 285
311 280
472 71
332 276
464 168
160 304
103 276
117 313
24 236
134 83
477 159
334 146
171 232
484 34
438 58
371 16
147 165
252 246
114 151
327 149
194 282
157 145
269 178
120 57
139 168
297 321
69 194
98 152
462 31
186 79
128 145
77 15
31 158
466 263
368 174
340 120
135 312
62 237
119 280
447 274
368 188
418 236
403 164
294 67
506 253
319 88
274 33
448 175
147 79
305 104
300 178
432 174
239 262
484 288
316 86
206 260
85 161
112 18
175 317
368 158
532 155
390 13
65 14
285 70
455 113
79 186
319 75
506 163
115 49
277 308
483 135
128 291
473 87
12 211
299 282
420 38
504 47
212 190
155 39
403 147
280 265
157 267
538 324
444 113
288 125
83 181
277 77
471 81
476 188
487 287
234 164
385 321
512 63
533 312
334 139
244 123
207 167
89 183
180 54
183 266
429 42
109 173
40 21
388 63
336 133
55 62
498 177
102 169
375 27
433 210
121 271
275 109
210 154
223 319
237 144
452 119
184 65
495 61
430 47
237 26
110 107
476 232
277 239
504 287
366 236
265 123
161 33
275 165
256 238
167 309
114 287
128 82
501 220
403 17
201 198
384 33
239 35
250 160
473 272
310 213
227 58
253 80
54 12
421 158
21 53
541 253
152 325
69 20
309 251
151 168
282 110
366 168
397 311
322 257
1 150
498 223
177 222
289 226
442 138
343 131
498 122
198 4
493 260
343 310
134 111
41 243
479 35
292 147
167 245
421 232
420 149
114 223
490 292
80 210
406 49
290 76
150 58
376 109
101 83
228 77
418 186
482 39
328 239
227 209
50 125
366 81
298 101
242 21
211 97
20 164
181 25
363 145
231 87
301 179
41 85
462 59
369 200
400 143
394 247
112 187
138 201
450 113
463 43
510 295
178 213
352 54
17 210
191 80
459 25
504 29
334 197
261 181
144 56
121 118
318 264
37 28
441 110
180 81
346 41
119 194
352 78
58 33
525 178
296 198
124 146
328 63
136 61
143 276
454 254
427 251
55 144
90 167
468 26
420 226
143 71
229 148
269 41
473 37
322 129
497 86
292 154
306 67
321 55
103 142
4 207
132 79
219 143
354 56
104 283
357 113
382 311
431 144
468 164
444 44
195 152
227 308
487 255
224 137
426 35
161 197
82 46
249 149
136 290
208 260
243 118
194 270
66 59
64 152
391 43
530 177
499 76
271 216
365 136
164 188
240 89
25 13
395 30
308 117
442 27
125 112
38 93
489 233
376 237
365 25
144 324
236 103
106 113
478 221
257 265
185 53
235 92
73 213
124 24
386 187
364 166
307 321
463 300
113 143
448 285
256 250
434 212
217 63
49 24
259 284
303 140
182 55
373 237
266 84
495 240
159 300
417 243
137 111
443 127
147 228
321 279
256 88
472 314
266 314
414 43
383 63
358 151
199 33
444 140
85 21
356 317
316 235
473 36
53 16
22 52
140 95
389 248
288 104
156 149
421 81
268 262
258 322
454 238
286 147
274 211
504 315
214 130
376 144
314 105
275 202
117 303
395 63
153 152
14 210
318 206
333 200
265 100
486 246
265 95
232 180
314 30
170 235
448 124
21 48
192 278
228 209
146 169
511 298
92 42
126 260
46 225
137 324
424 250
464 66
117 172
58 27
116 118
332 309
47 83
457 235
282 223
532 86
208 212
0 11
352 91
331 57
100 316
373 180
466 209
446 137
132 62
213 6
509 46
269 245
99 39
315 114
380 65
282 186
492 309
99 122
304 32
389 194
432 36
429 235
142 108
418 170
254 231
259 134
388 230
28 83
382 166
27 235
421 203
491 301
287 151
394 248
242 99
27 115
128 289
243 57
70 210
465 308
534 240
459 61
385 188
450 274
194 151
245 235
453 153
523 79
510 85
375 65
139 33
495 211
258 208
316 60
325 171
362 68
394 27
158 203
526 49
448 186
361 89
282 254
60 119
442 111
381 92
320 63
169 239
280 314
174 3
235 26
393 0
512 307
49 197
135 281
374 304
282 253
363 216
64 38
391 233
484 75
286 285
279 108
34 46
371 211
495 157
110 322
40 40
174 317
202 183
64 130
5 133
57 147
210 26
281 122
284 140
314 264
405 64
64 222
247 196
303 132
360 236
171 27
212 198
166 251
113 68
229 131
66 158
236 161
341 315
263 173
297 241
310 187
137 110
140 277
38 107
391 248
156 29
341 123
312 68
366 135
273 151
497 132
397 181
452 300
101 273
277 61
104 68
277 86
439 104
379 64
253 146
97 149
353 233
379 157
429 227
301 279
203 292
470 287
105 275
148 207
277 278
5 229
394 22
97 63
238 103
141 208
479 312
431 169
282 198
220 98
486 239
173 10
172 199
305 287
418 89
36 184
389 95
2 0
270 87
236 129
504 66
63 247
279 186
180 223
446 166
372 46
233 309
428 152
445 270
172 233
453 64
3 325
328 251
531 261
460 257
229 102
390 177
315 196
24 0
235 61
47 40
449 21
66 180
177 200
10 208
42 95
525 164
446 293
531 317
104 132
379 241
269 95
458 300
44 30
382 30
328 118
61 52
431 129
492 211
283 99
322 316
446 224
508 291
541 318
320 276
347 175
251 318
13 1
284 189
106 188
315 82
266 134
144 74
54 59
461 40
155 206
513 284
420 188
286 159
526 305
142 319
43 23
215 280
70 164
361 57
331 44
83 33
240 35
433 214
432 179
66 154
388 103
76 65
291 176
217 169
109 191
456 171
449 41
124 237
8 205
398 320
112 14
450 197
543 250
306 280
480 37
401 27
297 240
35 140
412 238
40 48
18 3
274 95
507 263
484 56
331 262
144 43
529 307
129 43
254 293
295 126
542 58
500 119
236 100
355 70
55 64
247 179
152 65
373 325
61 5
94 168
524 287
119 253
495 271
238 173
475 233
138 325
72 145
488 55
417 52
195 162
140 170
343 96
286 283
400 239
456 152
276 80
200 191
286 231
435 197
195 67
39 236
182 52
198 176
277 92
317 147
17 32
284 197
138 46
442 131
416 189
161 254
140 162
224 118
319 280
490 39
512 302
140 102
98 69
301 240
313 43
314 229
331 133
474 41
293 179
382 151
428 184
519 300
134 208
89 220
287 263
495 255
368 310
219 317
158 225
31 130
271 56
190 271
442 249
315 58
154 46
169 55
537 285
301 46
128 293
237 218
308 242
410 314
124 196
223 5
255 223
492 205
226 139
415 69
29 95
295 230
316 315
158 61
300 319
148 259
413 71
255 217
389 224
453 70
231 313
29 11
481 289
109 300
276 39
28 115
221 83
384 92
493 100
261 132
329 17
253 268
355 141
406 82
32 87
473 268
389 207
153 251
121 303
528 50
156 59
227 14
110 32
224 129
99 315
405 74
145 238
156 84
314 193
449 34
527 238
54 162
456 40
79 184
128 284
71 10
368 42
282 229
463 219
266 105
282 190
125 82
94 185
455 32
93 139
220 254
400 140
39 154
92 184
151 269
373 244
55 12
283 121
145 320
407 38
251 72
219 310
385 246
179 76
264 76
33 100
304 288
303 48
368 184
76 162
215 156
87 151
288 11
171 247
500 155
361 94
293 259
54 157
224 73
310 265
257 273
97 42
65 119
223 2
117 112
417 82
87 36
59 26
68 248
333 223
468 24
471 75
252 26
214 21
299 239
162 315
195 251
246 256
385 161
316 271
295 128
249 124
426 190
484 27
459 174
156 31
377 115
265 317
302 131
41 98
416 166
280 60
133 270
47 27
389 100
86 176
420 194
539 321
388 21
394 325
64 11
376 110
455 48
151 24
203 198
68 24
282 243
210 153
483 39
492 145
514 37
301 235
141 277
151 76
91 159
228 264
198 60
354 168
68 131
162 192
55 97
311 245
350 89
358 41
295 163
476 201
185 279
396 312
218 145
509 223
181 275
229 129
149 103
184 259
452 154
158 170
471 32
411 22
129 49
162 177
534 250
100 81
37 138
97 45
293 317
241 184
85 34
372 170
296 136
501 265
106 50
93 216
311 122
156 258
386 155
133 218
55 223
493 325
490 69
323 42
438 104
161 319
312 78
279 246
191 9
381 187
362 223
212 17
110 21
37 58
445 21
206 287
104 312
432 224
356 97
109 226
216 141
280 136
341 89
94 78
472 278
172 248
120 112
94 245
75 148
183 166
2 14
379 25
27 259
192 11
18 249
486 254
513 77
20 149
416 146
351 50
278 44
297 121
122 44
183 237
466 248
449 52
215 66
209 199
491 102
105 76
199 43
218 107
398 80
201 85
416 164
418 207
458 287
520 88
325 144
454 295
435 35
232 180
124 157
228 60
66 247
489 78
390 162
138 235
206 183
203 75
341 253
364 18
281 184
513 80
445 156
446 53
45 241
179 224
236 169
221 261
108 282
441 255
496 301
483 98
448 128
250 126
74 31
292 139
96 23
489 268
471 37
12 255
354 113
460 157
420 164
338 91
112 230
24 118
194 40
439 161
269 120
339 320
365 308
433 201
138 156
373 26
221 95
499 75
205 149
77 160
64 130
303 274
386 111
169 252
446 304
364 320
423 121
362 179
457 40
498 44
503 242
531 317
195 166
100 126
462 32
287 172
91 242
417 157
489 96
287 257
164 172
325 88
364 43
284 281
184 281
60 240
475 106
445 259
519 63
80 43
414 147
29 15
299 31
212 276
256 190
123 35
374 215
310 150
57 245
486 147
56 5
114 273
514 279
350 282
307 89
388 68
268 223
247 303
538 184
156 38
209 188
101 229
112 147
250 208
13 25
163 318
272 236
474 307
38 66
312 118
423 68
467 71
390 182
299 319
271 304
281 135
301 116
217 277
144 64
68 155
314 50
199 3
202 59
401 249
156 148
463 277
24 23
94 31
380 33
84 222
498 110
382 206
526 48
55 157
42 250
513 226
307 192
334 197
180 324
110 268
162 209
334 169
374 111
88 222
315 252
281 139
22 155
331 222
264 127
254 214
168 65
217 151
344 222
312 122
226 8
402 312
15 253
218 98
367 74
202 189
256 158
439 146
38 255
427 81
414 183
287 141
179 50
140 60
133 173
224 150
461 207
111 79
165 29
399 240
463 21
458 118
436 107
30 155
46 76
358 136
162 250
144 255
294 60
396 51
44 161
49 110
212 155
137 28
178 315
178 71
36 91
261 104
133 105
391 114
298 221
467 95
524 280
284 268
402 79
38 71
158 78
258 132
261 236
489 293
489 246
509 79
514 17
331 152
330 58
54 223
309 111
242 36
311 30
312 173
440 195
201 75
442 109
357 156
367 87
437 128
205 93
79 61
297 277
347 60
464 266
114 140
249 100
248 227
412 86
310 224
122 277
52 33
453 271
251 87
489 38
150 68
69 215
390 37
117 90
155 146
445 164
332 253
73 171
274 307
127 121
499 162
297 266
31 5
254 293
309 84
148 227
253 296
264 85
257 147
320 246
359 89
447 256
135 115
285 62
507 54
284 142
452 54
53 253
462 26
253 239
287 197
286 170
272 226
357 35
267 308
89 23
184 274
476 133
514 41
31 110
134 199
270 312
115 97
42 256
535 320
263 90
286 116
4 13
147 264
6 139
532 290
55 5
417 162
324 161
36 142
358 40
129 275
372 57
467 55
497 287
74 140
520 21
363 163
302 145
418 246
347 44
46 0
362 177
128 281
353 48
24 8
24 159
56 229
420 319
267 202
89 152
248 113
146 163
455 144
293 212
30 33
322 233
489 22
302 31
262 96
474 132
290 271
228 109
321 119
420 124
62 91
455 160
291 214
278 213
160 43
287 257
169 32
176 47
522 62
375 97
303 205
39 178
291 267
227 12
424 283
283 243
350 58
270 86
264 141
288 50
215 7
30 254
117 176
113 312
154 316
495 83
222 212
242 43
274 127
326 128
448 303
201 83
361 156
209 163
335 176
273 104
290 151
301 138
138 261
116 265
155 254
270 85
446 297
446 140
408 16
23 256
180 234
77 6
481 247
474 47
388 26
311 218
146 212
142 99
446 292
240 165
308 268
42 74
85 151
118 67
93 178
298 279
468 291
324 93
396 26
520 42
512 184
98 234
507 27
293 248
302 31
116 51
520 66
281 216
442 125
457 173
168 175
493 319
520 185
378 190
280 273
371 105
241 228
392 92
379 221
364 96
88 182
519 78
200 274
210 121
401 44
459 291
295 45
117 179
425 115
315 312
273 136
493 138
252 211
245 261
149 36
265 108
503 131
423 266
315 276
270 180
464 31
151 198
117 41
384 163
93 21
248 243
251 209
45 98
510 275
45 85
296 242
487 255
12 11
223 170
291 247
199 30
507 75
59 257
234 209
487 317
315 242
314 63
234 180
288 224
295 83
126 139
446 210
312 102
350 237
65 97
199 50
121 104
146 72
466 102
370 73
282 56
239 157
108 296
417 234
297 196
222 78
390 214
42 149
204 69
162 198
25 187
283 196
278 93
350 183
91 144
174 158
457 139
163 250
389 300
294 47
31 47
309 94
415 241
212 166
519 87
404 294
455 298
246 28
422 59
474 244
269 59
541 100
174 218
134 73
241 184
287 199
51 11
82 143
322 90
215 65
72 45
368 95
461 260
382 313
264 41
472 81
421 313
436 112
195 42
404 56
260 322
187 131
244 94
172 243
159 9
277 147
90 157
177 119
72 162
112 306
370 238
505 56
520 322
66 25
514 38
191 169
129 25
116 102
237 24
285 254
35 156
186 156
197 285
402 65
521 46
62 170
252 272
140 111
141 107
444 160
314 105
490 234
491 104
286 101
297 123
108 273
477 76
424 110
317 118
138 194
496 217
19 149
356 46
330 218
304 277
474 222
461 161
321 68
492 25
144 54
350 187
322 150
393 237
543 251
391 83
427 132
473 38
467 248
431 216
318 249
451 65
322 233
357 137
37 209
293 168
525 266
366 1
495 119
514 17
351 310
230 72
399 228
313 164
53 234
263 170
328 166
421 84
444 141
437 22
282 232
517 275
301 227
209 63
76 130
305 23
178 207
464 97
382 34
100 39
392 222
299 121
214 112
103 213
147 250
253 133
173 218
270 161
468 110
470 278
322 260
505 184
322 149
219 64
506 40
73 163
451 177
405 228
186 271
36 136
147 319
126 35
123 172
218 188
497 237
210 169
253 214
15 4
399 142
456 244
249 322
217 9
507 269
295 233
172 191
184 271
470 44
389 293
428 147
35 5
291 114
363 53
39 120
324 238
403 325
308 67
535 245
493 255
459 151
488 85
287 60
266 275
477 60
84 29
449 40
301 167
25 42
253 98
455 291
302 76
181 25
310 257
495 102
471 79
60 250
138 199
208 62
486 88
405 34
100 187
90 170
102 218
539 185
444 29
32 131
502 269
253 107
69 125
489 313
320 119
245 252
474 310
364 97
523 75
26 145
33 59
470 193
341 209
420 207
106 48
28 249
32 243
382 179
343 261
456 164
100 156
388 183
300 264
286 270
358 152
433 148
271 261
36 270
214 138
108 277
46 23
463 174
364 233
80 168
92 182
206 202
29 8
73 147
405 58
60 38
61 198
381 225
279 123
320 205
105 189
138 61
448 270
74 2
292 325
167 7
68 62
39 130
376 304
357 106
499 128
444 299
434 197
64 194
266 174
296 113
311 83
141 40
465 48
319 285
27 41
53 56
418 267
180 209
275 221
100 23
83 223
6 199
141 110
59 62
228 132
281 204
186 7
447 62
312 114
43 203
303 266
180 34
102 36
307 67
439 255
9 33
512 89
221 97
61 41
54 150
270 168
372 18
105 225
23 240
10 146
453 57
459 308
364 222
191 53
36 218
411 89
38 193
481 132
433 44
386 31
495 35
433 198
162 70
501 256
147 207
413 90
306 215
407 228
327 135
17 3
230 288
78 175
263 193
246 33
22 123
292 70
345 55
236 10
301 316
408 229
371 47
217 154
471 287
388 223
479 120
245 181
280 242
118 287
379 206
214 93
482 283
410 149
222 116
87 23
193 62
338 114
64 114
62 26
533 295
202 183
177 56
301 116
198 28
270 141
272 166
130 82
185 79
408 45
326 221
235 169
197 8
292 140
337 266
180 78
145 257
116 220
423 189
482 230
457 23
271 141
17 11
363 163
102 268
24 186
192 284
327 267
201 201
266 243
406 35
250 188
65 17
208 155
381 63
488 97
36 17
392 60
343 67
260 75
449 29
43 60
218 268
409 248
291 226
212 269
161 302
250 95
381 179
505 70
295 64
394 146
268 57
232 209
305 215
327 167
418 82
200 287
217 6
447 185
479 118
320 199
490 223
360 177
362 164
169 218
175 203
257 225
153 184
210 36
456 115
113 13
407 150
298 98
328 142
424 208
153 262
419 67
264 183
379 320
309 99
39 3
499 45
66 224
312 77
268 132
257 306
287 97
459 235
235 118
450 175
109 226
516 164
325 183
270 93
494 166
417 197
13 253
282 192
63 8
34 262
150 36
204 281
347 239
488 16
139 207
326 121
258 88
339 259
228 54
381 39
282 160
524 33
379 211
44 89
437 26
344 119
460 288
514 306
166 236
21 6
110 168
318 307
423 213
298 293
136 313
471 84
491 31
312 35
218 147
457 164
130 66
269 175
34 214
250 206
137 256
444 131
265 84
374 302
102 325
344 194
176 75
158 55
216 257
313 272
91 59
275 142
458 29
327 254
326 199
7 139
395 41
163 26
523 57
180 223
379 311
177 30
284 284
395 40
85 149
380 159
232 314
18 240
110 165
261 308
199 57
231 163
282 206
344 113
173 208
387 155
374 113
163 247
497 209
414 158
145 266
202 45
231 127
195 150
192 58
354 91
123 57
124 52
445 153
330 49
378 45
421 134
324 162
401 150
275 197
296 48
46 104
288 275
140 225
393 160
396 306
405 305
266 225
284 126
493 245
112 301
48 86
400 34
412 306
161 69
115 72
74 10
297 152
46 64
353 57
382 242
140 173
485 281
38 222
103 165
457 66
223 254
463 299
159 97
303 73
386 156
161 222
169 49
529 309
330 224
182 282
26 156
282 76
322 256
89 135
366 248
244 108
533 252
321 288
152 92
241 210
274 304
34 94
307 245
152 248
498 282
37 255
401 152
192 287
488 252
306 154
420 165
474 315
29 17
416 55
288 92
218 259
25 186
493 168
482 159
34 241
395 91
152 275
415 153
398 32
393 234
33 41
55 240
173 233
169 206
426 40
305 283
321 241
267 284
99 136
127 167
499 279
371 306
371 297
146 113
421 194
133 79
194 279
420 85
458 208
220 85
58 99
291 222
110 305
322 109
300 73
386 165
144 322
161 85
299 269
321 194
411 78
262 290
152 207
414 262
185 30
145 2
396 36
160 258
219 78
413 150
405 41
234 32
39 143
304 149
117 248
352 69
167 252
251 86
343 42
129 325
445 302
63 198
358 104
103 218
464 53
278 234
144 155
215 279
206 20
243 112
44 204
145 263
191 21
88 153
479 234
384 92
193 18
222 56
314 223
435 204
43 61
285 120
187 280
316 70
318 73
51 238
43 40
434 102
499 34
123 223
94 50
437 128
454 231
51 37
500 295
399 308
443 32
247 198
390 96
116 297
399 225
141 68
43 11
408 146
307 165
195 79
149 180
116 73
223 150
335 211
301 24
140 306
488 135
517 300
123 68
480 23
192 14
181 63
215 64
448 221
366 73
41 96
112 280
21 162
243 126
306 46
108 307
45 247
454 181
75 148
103 41
443 52
272 106
67 183
391 222
184 53
442 160
373 96
440 156
453 284
23 123
448 218
107 80
95 70
191 247
58 90
300 233
433 48
137 48
366 134
278 147
167 25
321 267
63 5
476 163
169 38
64 16
117 293
67 184
282 129
426 107
103 312
285 79
486 148
202 53
289 232
131 200
75 63
319 151
219 150
450 57
207 285
148 192
211 54
491 305
229 51
222 14
339 134
206 21
201 22
139 282
268 315
252 8
440 206
178 164
436 141
205 12
80 175
278 223
335 217
516 81
512 35
286 254
109 311
113 167
148 206
331 205
301 32
524 27
229 53
427 106
138 226
334 175
278 105
299 42
332 236
109 167
285 49
179 307
234 213
384 166
497 44
357 83
307 103
188 252
420 123
460 237
141 92
467 230
361 187
233 213
471 43
472 233
379 162
145 254
335 75
42 125
234 174
485 53
194 153
206 201
540 253
61 269
269 203
155 147
300 122
236 124
285 156
50 16
197 41
191 260
200 60
150 260
452 192
162 30
455 222
285 229
487 259
149 3
142 225
104 28
294 244
140 324
130 168
251 141
133 32
373 151
168 62
402 324
475 68
160 52
323 155
475 248
459 128
340 175
104 42
424 36
300 127
388 146
475 309
186 19
512 260
248 253
449 289
343 41
378 74
317 192
474 42
231 312
348 61
288 249
108 156
388 62
31 39
96 184
441 145
141 263
147 77
308 86
203 20
466 171
232 94
313 123
516 152
177 206
420 54
100 41
418 248
327 145
308 28
292 55
293 247
145 88
377 16
132 290
375 245
519 306
495 220
230 255
251 55
432 179
508 182
231 318
75 186
296 293
104 151
41 258
72 170
402 321
100 151
231 68
315 144
176 237
158 183
489 250
301 318
346 320
155 166
359 85
156 192
472 207
496 260
438 251
239 207
253 113
224 4
441 257
333 272
390 159
283 254
5 205
455 171
411 42
245 272
532 306
340 139
12 23
201 163
283 108
332 90
160 57
444 132
314 130
283 227
443 185
415 236
486 287
291 267
330 254
241 177
341 187
464 60
258 89
506 47
486 313
280 72
521 79
396 234
453 268
519 282
156 147
512 32
479 293
196 52
337 193
318 142
402 17
404 65
14 248
501 48
40 15
468 47
290 164
74 177
217 256
256 276
85 223
389 157
193 178
209 23
379 246
199 169
371 93
224 106
260 145
344 192
262 272
213 103
125 39
241 117
535 288
371 201
74 17
105 244
149 108
47 133
282 115
447 29
307 190
162 151
273 183
458 73
193 264
267 151
269 58
222 73
305 228
178 172
478 304
379 218
244 162
321 109
131 81
423 147
400 133
444 234
266 63
267 150
300 75
241 91
145 3
324 290
216 262
485 31
390 244
382 185
59 228
522 90
116 218
205 39
143 166
540 152
32 105
98 193
345 278
324 91
141 97
34 253
286 142
372 237
490 31
511 292
117 178
449 262
