320 62
498 26
415 113
56 26
421 139
299 199
104 104
483 287
272 256
309 68
258 116
109 18
433 164
260 121
113 183
284 168
43 7
390 184
98 78
252 208
100 192
225 119
94 22
92 239
102 285
428 165
101 92
46 232
90 37
274 249
267 161
383 67
104 69
274 108
238 191
371 164
412 64
270 217
89 198
294 256
273 53
95 74
374 215
37 19
275 277
253 64
28 98
242 189
109 102
419 143
261 218
254 270
262 156
433 123
245 95
69 141
277 262
97 44
14 245
37 10
243 156
193 271
445 124
501 63
417 131
133 185
119 24
417 182
222 123
51 27
109 160
430 163
489 297
113 109
292 118
300 42
455 37
403 176
130 249
35 85
107 51
191 270
94 204
120 285
38 114
79 20
122 181
118 291
233 183
82 15
440 38
440 125
228 131
70 145
65 147
448 136
122 303
393 55
82 25
465 62
55 245
240 136
430 126
115 33
255 118
432 168
120 255
288 42
253 220
290 235
299 122
425 114
255 146
452 278
94 74
418 131
424 136
29 96
273 192
296 226
244 227
369 178
22 113
463 274
443 260
440 30
262 247
274 203
258 257
62 15
294 238
115 242
212 166
264 240
105 35
74 136
80 22
67 218
263 121
118 84
302 222
248 201
425 151
288 174
87 198
41 127
106 59
210 153
440 44
517 54
94 27
239 187
434 131
237 187
445 164
289 262
81 21
504 57
100 189
126 307
40 104
283 107
434 129
277 267
262 263
345 85
304 103
270 44
100 238
482 254
257 260
276 49
311 203
215 150
425 168
244 202
90 55
252 162
424 161
94 80
31 116
407 165
119 289
286 106
454 272
217 188
507 63
250 225
411 96
308 214
53 153
94 29
438 202
94 81
259 200
25 83
294 160
426 102
280 213
267 117
428 91
297 218
35 104
280 259
426 118
245 207
300 193
405 62
428 119
237 156
112 107
106 32
452 124
78 53
259 103
250 247
291 42
99 80
338 176
263 172
271 272
304 224
108 49
106 24
43 91
295 223
52 12
438 129
253 265
268 45
267 295
256 137
105 227
108 171
242 150
258 224
132 247
209 264
269 175
119 107
267 246
260 153
341 53
215 180
518 51
92 28
168 54
127 269
41 77
291 53
217 250
253 274
108 250
271 211
252 200
35 252
356 152
470 273
225 179
59 223
290 241
42 6
405 164
452 104
42 5
479 34
121 21
271 205
295 51
260 155
269 257
97 201
373 34
57 19
392 186
110 31
36 4
338 83
332 176
482 296
291 235
331 68
284 194
220 118
118 109
448 137
84 28
447 108
99 49
308 239
285 90
314 209
257 141
489 265
481 254
117 174
102 41
62 136
245 239
272 260
271 165
115 28
115 48
107 106
85 25
247 217
266 116
121 76
213 163
245 99
239 120
89 198
46 72
288 50
441 43
502 282
415 173
124 187
255 265
104 229
61 23
292 181
269 247
256 112
284 98
277 199
291 162
441 112
94 75
273 271
241 222
293 180
219 159
297 212
248 269
482 294
258 114
257 200
44 12
494 31
274 271
115 252
209 258
280 165
509 51
124 255
267 45
457 272
446 160
267 272
526 88
421 149
44 249
260 115
96 283
507 55
392 77
54 11
306 233
32 113
268 267
244 191
255 202
342 146
84 149
276 222
408 58
257 274
266 121
80 22
233 187
282 262
411 168
72 28
115 185
125 188
46 231
65 18
470 260
55 5
100 101
307 201
261 217
240 194
87 22
189 269
270 211
93 181
437 143
405 167
45 9
120 48
135 57
410 51
108 35
288 105
123 186
319 58
253 64
289 155
511 62
220 117
333 66
248 220
43 248
453 274
500 61
283 166
229 155
468 36
505 58
279 155
129 182
282 160
329 176
278 267
447 126
443 119
103 283
228 155
264 236
174 35
108 171
383 37
283 119
84 190
425 161
65 142
131 259
469 271
281 221
259 197
521 288
256 161
82 38
270 169
277 92
307 214
221 183
509 73
125 180
247 196
133 193
255 216
332 175
97 48
425 91
46 233
116 100
275 117
412 173
270 39
498 35
257 221
26 14
509 80
410 164
271 60
129 189
258 182
275 195
212 270
251 266
130 249
91 48
530 57
256 251
236 144
259 224
222 123
247 110
247 198
45 62
103 78
245 272
419 116
281 246
36 88
126 188
262 174
211 246
243 160
188 56
270 52
272 48
239 205
66 30
37 117
254 264
241 153
264 235
247 270
285 246
124 24
132 249
255 270
261 163
98 30
244 172
248 249
