511 52
261 161
253 202
254 206
262 154
252 210
278 164
262 166
251 213
254 202
264 197
247 211
265 168
263 169
262 203
509 56
260 159
28 224
244 207
251 211
246 213
261 162
253 209
250 204
249 211
254 206
513 58
246 203
260 163
256 185
250 207
258 203
248 206
46 217
257 203
510 57
509 52
257 203
248 189
259 162
211 188
48 217
245 209
512 52
45 218
49 212
508 54
45 216
246 212
515 51
257 160
510 53
246 205
247 199
263 190
284 33
254 205
43 217
52 221
244 207
263 204
48 215
54 219
509 54
263 206
263 170
246 211
251 206
246 203
247 208
265 201
248 210
43 217
48 217
265 166
246 203
244 210
253 209
514 55
245 209
253 204
250 206
254 204
287 32
48 213
508 52
245 201
263 170
510 57
260 160
261 154
263 204
263 190
250 213
250 211
54 221
254 209
264 197
256 162
250 212
252 211
245 203
49 217
248 213
263 167
262 203
261 162
251 202
254 206
270 162
252 208
210 188
256 205
244 207
251 203
282 161
50 210
508 53
212 188
254 212
47 210
252 210
278 163
246 208
509 52
247 200
251 204
44 217
270 162
265 201
251 203
273 166
387 82
253 209
251 205
250 207
264 166
448 36
473 261
257 208
201 161
49 212
251 211
43 218
210 188
248 214
33 12
510 55
512 58
50 211
211 188
268 162
248 200
472 260
251 212
46 215
254 205
255 160
245 206
513 58
514 52
512 52
263 206
254 209
50 221
45 219
212 188
252 202
254 202
264 202
264 199
253 205
45 212
225 102
252 213
251 205
510 57
54 219
472 262
263 167
510 53
201 161
256 210
48 213
271 161
49 211
509 52
448 36
272 162
251 212
44 217
262 154
514 59
263 170
33 12
248 206
254 206
247 211
516 77
44 216
252 209
263 205
26 217
55 221
51 209
260 162
247 212
254 208
258 203
263 162
279 163
55 219
261 161
260 153
266 168
271 164
265 166
261 168
272 161
248 189
245 208
254 202
251 213
246 200
52 221
260 160
263 169
514 58
261 168
267 162
511 58
267 162
245 204
279 164
256 162
50 221
49 217
249 210
257 208
265 166
248 212
52 217
254 164
508 53
212 188
246 212
257 208
268 146
48 214
51 221
262 166
42 218
253 212
510 53
246 212
263 205
265 201
278 162
250 204
56 221
263 162
51 209
273 166
516 75
254 209
254 164
43 217
260 169
245 206
256 205
247 201
260 161
514 55
467 264
256 185
45 218
265 168
282 161
264 166
254 206
261 168
251 211
508 52
45 216
256 191
283 168
263 203
472 261
260 160
249 211
270 163
254 206
252 209
250 203
282 161
254 202
244 206
467 264
280 165
252 208
282 164
45 218
49 211
260 161
512 52
250 213
280 162
513 53
260 159
260 169
516 75
508 52
262 154
252 204
263 170
256 210
258 207
425 143
282 163
51 221
245 209
512 58
51 210
265 201
252 205
254 202
514 53
516 75
263 170
252 211
46 217
46 216
252 207
282 163
46 216
246 205
45 219
245 204
516 78
254 211
48 213
248 214
46 215
272 166
250 213
263 167
509 56
271 162
46 216
514 55
266 168
268 145
250 208
256 162
513 53
45 218
248 207
43 217
45 217
272 164
196 259
265 164
251 204
43 218
46 217
262 166
50 221
248 200
256 208
258 203
253 207
507 60
252 213
278 163
246 204
26 217
254 210
256 211
260 159
48 215
256 211
255 206
265 164
246 209
274 155
252 203
509 52
245 204
256 209
245 206
263 160
26 217
259 203
263 190
271 161
254 204
281 165
507 60
251 207
261 162
246 203
513 58
472 260
257 160
273 166
510 55
55 220
278 164
249 215
246 205
264 198
251 205
250 213
46 211
251 213
250 204
509 53
282 164
252 212
254 212
261 166
248 211
261 166
246 205
259 203
47 215
255 210
264 166
287 32
261 166
263 203
263 190
280 161
252 211
248 210
259 162
251 204
43 217
254 202
245 208
514 59
249 198
448 36
263 162
253 211
49 211
472 260
261 166
387 82
42 218
263 160
256 210
516 78
448 34
261 161
265 169
273 166
50 210
510 53
260 169
254 212
265 166
254 206
509 56
509 54
280 165
260 160
245 205
272 164
512 59
256 191
268 168
510 52
49 211
261 166
46 216
54 221
472 261
245 212
509 52
51 210
256 210
253 210
509 52
251 202
259 210
252 202
264 201
510 57
509 54
473 261
50 221
50 210
95 75
255 202
513 58
43 218
448 34
52 217
272 164
